Comparison stage no.,data//output//runtimePerformance//DECMO2++//SolutionSetSize200//,data//output//runtimePerformance//GDE3//SolutionSetSize200//,data//output//runtimePerformance//NSGA2//SolutionSetSize200//,data//output//runtimePerformance//MOEAD_DRA//SolutionSetSize300//
0,36.27693121345355,36.33336659116699,35.913434933589244,36.48672828576195
1,39.04738160683151,38.55767049790575,38.47294686908611,38.59282211036142
2,40.183427985877316,39.70401814140683,39.66945614590947,39.69990770457309
3,40.948949424603676,40.55640456050103,40.58567186193038,40.47982809786154
4,43.38352800372361,42.285816569415495,42.2839610005583,41.42626051841135
5,44.99024167628183,42.7997322800659,43.70338613718793,42.62794105104247
6,47.284124916856584,44.39375392606643,45.32716205037954,44.04048539338983
7,48.34087496891734,45.087297087760504,46.3930832326902,45.82440366964687
8,50.25209404206377,46.86914758629522,48.03857168464677,47.92356978524433
9,51.30402916275808,47.13131848786149,49.19269306059869,49.85484534187352
10,53.9135663670588,48.410339462957886,50.903521897685536,52.116008193263355
11,54.78670986946666,48.89263982731883,52.05871860656327,54.69584519976205
12,57.35312626407938,50.08063170119487,53.761210735202226,57.2761072554373
13,58.18999564135334,50.487815942988846,54.884706217959575,59.452237369313984
14,60.47620397218063,51.727252073880756,56.5521542830018,61.23613718457226
15,61.53684701695873,52.16240969556786,57.52458894781237,62.83717960857906
16,63.746539338248695,53.383862824328624,59.467072306731616,64.9067125595209
17,64.54533608356925,53.67379326973825,60.59723382840739,66.44099884326823
18,66.00916003899712,54.7764875245171,62.004203427220716,68.1195423799827
19,66.95369587887006,55.25593282632062,63.38819416356878,69.65709140056218
20,68.50332412642449,56.76046980223284,64.95720165872704,70.9922329558383
21,69.34610788253748,57.172480063339556,65.92802709577437,72.25210252446334
22,70.8784808420192,58.65901356368941,67.27660475571881,73.36159781763612
23,71.52531977814606,58.977675071664684,68.23778484842136,74.59220444910461
24,73.04904697316513,60.549733556699216,69.54428182793251,75.60987069216378
25,73.88191344615959,60.81314546638339,70.70825434268166,76.31348267719254
26,75.01822956878361,61.92527180544584,71.69069141045931,76.92541346687099
27,75.44693904597473,62.48483050790073,72.39381697392395,77.77458946463275
28,76.35358238318807,63.746621268825365,73.61900390301267,78.51825529534999
29,76.87376941434147,64.2838404609909,74.43935982318548,79.08289997055887
30,77.58429734433186,65.5783981017174,75.1289320009347,79.73415107676728
31,78.1154050635383,65.91167169185037,75.7330726871667,80.31275705123018
32,78.56161986641322,67.37857654789089,76.50491249065172,80.80225069121268
33,79.02681586549238,67.7586047822502,77.12543979721742,81.31125602130183
34,79.49593214502266,68.74780830754774,77.96379729899483,81.75637211204013
35,79.93084984422119,69.2720490050859,78.5262894191117,82.13790065403578
36,80.39970966883085,70.24179548282191,79.18282111320407,82.5529298281603
37,80.60337569760897,70.80085307590022,79.66936634968788,82.89060881137655
38,81.0573266341892,71.7461332085946,80.13899001831557,83.28603506815611
39,81.4702726852086,72.08551058000155,80.59438271823413,83.63688733647955
40,81.7800525192672,73.07256787766654,81.14083622696069,84.04352761755379
41,82.05668618818454,73.41425460193628,81.59633569069182,84.3122120573748
42,82.38237080489449,74.54505589229858,81.9910855916834,84.5275773775863
43,82.60446186175933,74.99033269897109,82.2907873871015,84.85800705967188
44,82.79438448211822,75.80962559367536,82.71207832745431,85.05161839423022
45,83.0267176793955,76.01874360881257,83.1432859609578,85.26735336430357
46,83.21660891632,76.54677728944563,83.45892710813145,85.54086410319012
47,83.3966035997672,76.90538819997623,83.77458363300148,85.82417993073364
48,83.54765101619877,77.42983801105976,84.08824378953014,86.03410076511149
49,83.7581099726671,77.73743235755258,84.37168367951386,86.21720039561924
50,83.98631804513842,78.38753899412721,84.56883384898399,86.41472230720954
51,84.12925963929987,78.82106113310924,84.77340182650525,86.68859455059065
52,84.27274163039998,79.3550627049473,85.0976782268135,86.89906620246602
53,84.45015278234466,79.60721582258385,85.27108180841435,87.05945535919014
54,84.58165338993842,80.06407559468607,85.53054453320951,87.21580780037301
55,84.74670833574926,80.26828927667442,85.74885571104441,87.43757941470467
56,84.94210833761612,80.56910460549108,85.92458419312648,87.66174861141802
57,85.09213750441104,80.90844089050601,86.1163110750356,87.82772188134737
58,85.251537450255,81.35782105418313,86.33134605400353,88.02755773755314
59,85.37459945478948,81.5250724870115,86.55447540460523,88.19387630690747
60,85.47956971567064,81.80948033820393,86.77148247745468,88.36222107875595
61,85.6244692589361,82.02828841058883,86.93688080324556,88.51397546540493
62,85.77010143531405,82.32804174793866,87.16141689553511,88.65643423861107
63,85.86766448336662,82.55159393646808,87.32224374468827,88.8401092915676
64,86.00114978326384,82.84034927609486,87.52710615139665,88.95430131488338
65,86.08172809354086,82.9870989175785,87.62841363671228,89.09347324231683
66,86.17538350984073,83.2269198711108,87.7840007750443,89.20424310500786
67,86.29358768971001,83.34279313557747,87.90357173822217,89.32281805287428
68,86.38012779797828,83.53165724526792,88.02862782941075,89.42985876039552
69,86.50206441234516,83.61590159911775,88.11271833992802,89.52320560664853
70,86.59293317434192,83.88716507814853,88.21025255510467,89.61659288252706
71,86.71312278584065,84.01234228663128,88.31666626787464,89.71868645042579
72,86.81734598062538,84.2129989134922,88.406457253863,89.86314821901284
73,86.86593613234582,84.25791606906178,88.52946065465608,89.95244003337532
74,86.97502904961925,84.44112589048477,88.65090156498692,90.05046380318663
75,87.06479899902864,84.52431954492444,88.7465466133845,90.1591595090023
76,87.15133459349737,84.70713446489849,88.85452287662774,90.26825183844281
77,87.20970349445314,84.79934336655204,88.91789468267369,90.35622935177231
78,87.26938636890203,84.94920170672502,89.03288573922165,90.45497981378709
79,87.32324324297784,85.0089512556629,89.10725773694402,90.51222572763356
80,87.3931380354744,85.17435562628867,89.20487922817405,90.63223266475532
81,87.47986315716187,85.23087259477703,89.28723736734246,90.72006282584519
82,87.54041946990752,85.37975775286404,89.3627390971986,90.79511522280339
83,87.60375474259332,85.42442735304142,89.42987715746317,90.87806944621728
84,87.68265759794043,85.56526174038932,89.51452687373917,90.93193226333945
85,87.76121156254975,85.60037882689527,89.60470902438031,91.00563139536686
86,87.86931975431382,85.75393509607507,89.67500834372757,91.07383969527847
87,87.92079210123367,85.79014409129441,89.72297659021186,91.13429051620571
88,87.9505449544671,85.9476691830972,89.79825715237054,91.20979394441679
89,88.00184713874572,85.98306054316541,89.86033464512218,91.28491906009458
90,88.06192676949054,86.15465760934906,89.91043126063893,91.37314754039352
91,88.12785092019271,86.18730798549538,89.96899063384005,91.42402331708766
92,88.17690258132065,86.31356194429611,90.03804092843599,91.46141786685763
93,88.21549125525765,86.36722930899879,90.08112254356661,91.55747133955225
94,88.26303854202483,86.47767515376415,90.14023098327965,91.61110722438995
95,88.31909175411624,86.4994131516808,90.19665198603064,91.69412590069186
96,88.35463454940833,86.6164470235849,90.24460240879262,91.73935291825848
97,88.37982832164526,86.64206224377834,90.31963378750558,91.78436846534464
98,88.41241609348614,86.73908242994624,90.36097811645838,91.82644731736582
99,88.49932693011912,86.7622263705747,90.43161402405386,91.88089651056355
100,88.55358917966419,86.87666574507132,90.46914143044964,91.93269951652269
101,88.59260586161417,86.89451638218914,90.50311092744009,91.97446998133064
102,88.65331743370638,86.98049778766057,90.5626899876402,92.02984369922984
103,88.73926739321871,86.99811277745644,90.59208162049218,92.08434551987403
104,88.80304874094517,87.09530109501033,90.63716903408844,92.10914821766829
105,88.84238044490661,87.15086012148124,90.68395785346175,92.16034692194066
106,88.90114882377327,87.24564409374754,90.71150870586861,92.18082248641073
107,88.92923018301057,87.27396061898207,90.7540709233527,92.20110078049743
108,88.97597201149705,87.39048349236413,90.78943975073294,92.22787655914853
109,88.99925645476777,87.41014166621916,90.83213742648753,92.26668329389618
110,89.05610578603999,87.50466868124933,90.85621856589225,92.30734111720042
111,89.07053879637081,87.53734205118343,90.90147234545216,92.34911569855497
112,89.11070418000645,87.61948866532808,90.92570916726069,92.39107816782658
113,89.15392476775344,87.63142753801314,90.95600948915694,92.44747097204275
114,89.17238277435894,87.70664956439909,90.98910499239274,92.47192504061765
115,89.20054712644776,87.73407009138432,91.01298321152352,92.49597289758651
116,89.25272385055109,87.84158734158213,91.04903726520904,92.52177460246746
117,89.27269096623408,87.85603409159032,91.07187085422443,92.55968973329809
118,89.2882770791765,87.91221558280171,91.09685765385193,92.57788972022688
119,89.30095459076207,87.92811521023937,91.11864175479923,92.59855402106152
120,89.35372843509688,88.00510560960247,91.15119880690449,92.62742082799078
121,89.37707462147988,88.03615284517444,91.18368721722597,92.64628279991314
122,89.41486969608593,88.11960998810794,91.20607445954224,92.65911139764604
123,89.43637228266284,88.1326136775155,91.24364919964488,92.6737732597167
124,89.4719108388579,88.19796926618551,91.28486625100177,92.69497842754085
125,89.49566196260078,88.20425210268384,91.30507853519329,92.7102783750604
126,89.51712357900766,88.28363524959506,91.32945311738212,92.73325058854383
127,89.5411960451945,88.30481514404218,91.35793227727586,92.75088450444386
128,89.57049991827242,88.35278973005859,91.39859301763946,92.76235844516769
129,89.58293426832243,88.3745998748022,91.416137715598,92.78029974551757
130,89.6087372777292,88.45408432631014,91.43847294491258,92.80281620788766
131,89.62380778593625,88.47191759528516,91.45835403491473,92.82286456447807
132,89.64467717355853,88.5117135286397,91.47182846787378,92.8386348670854
133,89.65575686822665,88.5271031897007,91.50024417778728,92.85388766759677
134,89.67063393696824,88.56119625288191,91.52640328720996,92.86636890878427
135,89.69236853810072,88.59390055100913,91.54775473020683,92.8919377228616
136,89.7134199482463,88.6445335607774,91.56666308248504,92.9166480524828
137,89.7252767345587,88.6553699628224,91.58053678502985,92.93283115560313
138,89.74303925814026,88.7166007257552,91.5980826654701,92.94149867995876
139,89.76149550942279,88.74043349982652,91.62202846844134,92.96094224005213
140,89.77854266592814,88.80823449682586,91.6444138096101,92.97454341773114
141,89.80795418977054,88.82059932240628,91.65966177619669,92.98748139111515
142,89.8262081334085,88.85276524681396,91.68574696583795,92.99537304364141
143,89.85005967745737,88.86998654130508,91.70421391564126,93.0045218665737
144,89.86435747648225,88.91257888018835,91.73368198556065,93.01533604810838
145,89.88729306409036,88.92070385182366,91.76760428552313,93.0269294383971
146,89.90199045437464,88.9535910960088,91.78066736501106,93.05425234500242
147,89.91817459690402,88.95881812699027,91.79279303716962,93.07691859086194
148,89.9369586985247,88.99059168542964,91.8144108569632,93.10503204527365
149,89.94994992279487,88.99688960565595,91.830176879004,93.12389677848977
150,89.96181878604048,89.04421971068581,91.84524853628253,93.13966387668488
151,89.97893261842448,89.05446720661679,91.85556683429574,93.15845765733376
152,89.99973727905282,89.13179481685135,91.87146555609529,93.16882517263254
153,90.01177162127962,89.13879417645097,91.88446584967346,93.18412115559971
154,90.02883810007182,89.1704187208051,91.90277191659291,93.19565928898889
155,90.04280623967612,89.1762490658774,91.91030708993027,93.20768497530668
156,90.05426631446483,89.21138476631823,91.92170087651184,93.22421954552246
157,90.06773722478991,89.22172821217696,91.92759450699644,93.24986967101113
158,90.08827648521935,89.24134176196571,91.94098553217057,93.26989815116934
159,90.1035259821836,89.25130078079545,91.95690569032489,93.27850989174577
160,90.11896128897723,89.26970022966991,91.97230801108692,93.28618779034963
161,90.12466649356627,89.27402010544458,91.98355951125818,93.29796159488363
162,90.15022678073142,89.3308591314347,92.00121607485403,93.30731803313972
163,90.17473161935746,89.33847064356601,92.01824313745755,93.32074777417036
164,90.1922540662261,89.35874245494298,92.03295657867272,93.33380277473884
165,90.20595942557655,89.37040913247287,92.04045960597915,93.34668630819328
166,90.22037425342558,89.39639298282431,92.05908439638762,93.36200156718137
167,90.25092390843454,89.40081153994552,92.07701505144051,93.37057659879613
168,90.26164135495736,89.43682498254557,92.09222756737995,93.38341574154568
169,90.26760690604097,89.45147740864408,92.10359979301657,93.3929269626765
170,90.27672591519966,89.47416420652273,92.12183365055402,93.40881743448907
171,90.28663878491659,89.47870587508888,92.14407352507868,93.43447352883975
172,90.29700656662985,89.50217506107592,92.16315921410364,93.45337236114784
173,90.30315524570173,89.50920397537452,92.17510668434582,93.46061210565526
174,90.31069718368038,89.53366168555159,92.17938394707262,93.46848505200501
175,90.31834996543779,89.547139158586,92.18960605268839,93.47855345561474
176,90.33193172803331,89.57423167632095,92.19535377818227,93.48667778077127
177,90.3539963453984,89.58103445071309,92.2085760918617,93.49715157963564
178,90.36547850855092,89.59715927390614,92.21727752323558,93.50776167497435
179,90.3730027382983,89.6018725757457,92.22401552074705,93.51497121532888
180,90.39748675829208,89.62043802393521,92.23336530595381,93.51881408121803
181,90.40266255913079,89.6287589706738,92.24593722053027,93.52209532977108
182,90.4144492968634,89.65039393583436,92.2552158555261,93.5334274474474
183,90.41816328675814,89.65776667412013,92.26701004260995,93.54052131399916
184,90.43116133457218,89.67203308970066,92.27610700868456,93.54683367910069
185,90.44083615985971,89.67595449020936,92.28747002385947,93.55988233205406
186,90.45087599843983,89.6976933886578,92.29216791746788,93.57165405391618
187,90.4594221845419,89.71315537342295,92.29814002155227,93.58194471385244
188,90.46588263315023,89.74077151066942,92.30708061454902,93.59046669281156
189,90.48181287709976,89.74572043680794,92.31297493913925,93.59666012113873
190,90.4934673510634,89.7548438113677,92.31600606275657,93.60370079542867
191,90.51162745861275,89.76353721508681,92.32231445052652,93.60930181688514
192,90.52718997572447,89.77949975744725,92.32868470511474,93.6141128434171
193,90.53306459753581,89.78901220942554,92.33809937607708,93.61744227926869
194,90.54172276087026,89.81559178729462,92.34811536442821,93.62372318828655
195,90.5485970280796,89.81889375170962,92.35377979255121,93.6270609169531
196,90.56226168451752,89.83053541154017,92.36107492867484,93.63404044426328
197,90.57316206412855,89.84216846508241,92.36648614107726,93.63701538460901
198,90.5805997905247,89.86623382235676,92.37487864129622,93.64159191028702
199,90.61068514275686,89.88673099056734,92.3816234249572,93.64490788937655
200,90.61597063587107,89.90622233437398,92.39118251846928,93.6485720700395
201,90.62704711791308,89.90868544859467,92.39478871389929,93.65475045218393
202,90.64065263891895,89.93001005252583,92.4011224811357,93.66078246226358
203,90.64629651254472,89.94373643818768,92.40523145223435,93.66372304219493
204,90.65966838251687,89.97598410494241,92.41415811957779,93.66924502619368
205,90.67184330139993,89.97927443170445,92.42397371311539,93.67564727681413
206,90.68034580838659,90.01128102773278,92.43181999862735,93.67974771952115
207,90.68418436287753,90.01796766174797,92.4387126501875,93.6866680349023
208,90.69707505930432,90.02593067130096,92.44091671049699,93.6910700652192
209,90.71153872807801,90.02935205674981,92.45198901956432,93.69743903083335
210,90.72421418958177,90.04275609641572,92.4547569852233,93.7057048313317
211,90.73116610047855,90.04894747800378,92.46044923701223,93.71781286057471
212,90.736738327853,90.06045398592829,92.46800756879833,93.72277623352826
213,90.7467874770929,90.06826287011246,92.47204507017422,93.73128434263184
214,90.76867431517503,90.08907078539907,92.47587437011295,93.73751264667015
215,90.77486924707722,90.0928296040575,92.48055681848795,93.74266869530449
216,90.78198818564918,90.1119174798404,92.48352382183718,93.74912845033705
217,90.79909486760938,90.12300738393176,92.48707192946226,93.7572175091168
218,90.80392303132687,90.13829746300553,92.49372404179537,93.76235019048981
219,90.81722085387354,90.14001623151717,92.49896793967838,93.76817036779941
220,90.82411205750749,90.15747980795102,92.5075901698745,93.776394684146
221,90.83463665045817,90.16144766612028,92.51225473802063,93.78206228368472
222,90.85118458115453,90.17788548090599,92.5195175494184,93.79515768875387
223,90.85979132493252,90.18465915990232,92.52562353425924,93.8090172072425
224,90.863133465266,90.20706836501178,92.52944839116904,93.81352760727185
225,90.8731570696243,90.2112577229106,92.53560629926879,93.82107260255286
226,90.8784204449885,90.22241013822747,92.53800172617977,93.82718860014701
227,90.88518216572744,90.2258247802117,92.5431609141008,93.83053756340033
228,90.8910508632051,90.23750524437763,92.54881054941787,93.83662982495063
229,90.89942712375877,90.24069990734904,92.55200574335913,93.8422388747311
230,90.90383969670077,90.24649846068922,92.553448512152,93.85094272628777
231,90.90775736757047,90.25487990782756,92.55512425144575,93.85583098684702
232,90.90995138768248,90.26689478474826,92.56047746472925,93.86052588233191
233,90.92358618146679,90.2695850573681,92.56411036386379,93.86371926884442
234,90.92884824247568,90.28533949284717,92.56998257066996,93.86887786158239
235,90.9323531589163,90.28839480409461,92.57699953568097,93.8723650901611
236,90.93636233525228,90.29844106116744,92.57886215379614,93.87514091988189
237,90.93984217600325,90.3002354037922,92.58599687771257,93.89028094919098
238,90.94564244391023,90.31326062889418,92.59195306403008,93.89432098005139
239,90.95781878190809,90.31772669057803,92.5985808742185,93.90174084827851
240,90.96262594114582,90.34947931571779,92.60098518500166,93.90773223759513
241,90.96677045892571,90.35264815916442,92.60349330650017,93.91309750185584
242,90.98228600373989,90.35945671510532,92.60617786017433,93.91709930825934
243,90.98352937064278,90.36663876557635,92.60990083655828,93.92062030877634
244,90.99087886886518,90.3832044563982,92.61388925948366,93.92412835648025
245,90.99404885559143,90.38435642361051,92.61624772861863,93.92708404222235
246,90.99802042074087,90.39021497420806,92.61813012755006,93.93080991585114
247,91.00056803394855,90.3961020242826,92.62038932286401,93.93329421014026
248,91.00639458844479,90.39957304732013,92.62365659286058,93.93600890577078
249,91.0097098078671,90.40996337595777,92.6252617923706,93.93845641092311
250,91.01816077577529,90.4164444516256,92.63190053970068,93.94165926839732
251,91.02253487366158,90.41763861534781,92.6381975666393,93.94479114498058
252,91.02865974648897,90.4261913737609,92.63971210433749,93.9479578843549
253,91.03289135071392,90.43477802460296,92.64366229737927,93.94936976126094
254,91.0373069553931,90.44111321489532,92.64798132775229,93.9514556153129
255,91.04596557898488,90.44201830668229,92.65019428020247,93.95446327920762
256,91.05859303375486,90.4445807314129,92.65269171147837,93.9573542516273
257,91.06297113231794,90.44835509777494,92.65630748012336,93.9598803993234
258,91.06910621564873,90.45712770014198,92.66268991024036,93.96249275864302
259,91.07305929398272,90.4585867108769,92.66998490752111,93.96463582799393
260,91.0823283319201,90.46677039345256,92.6731621008347,93.96754312748226
261,91.09155871226473,90.46940337721293,92.67765505822774,93.96902895137292
262,91.1036099843197,90.47444840012193,92.68047980121585,93.97072935062667
263,91.10646167335933,90.47624886030532,92.68388801839934,93.97265723190816
264,91.11454560057099,90.4845942181233,92.685675420734,93.97431618578236
265,91.11942798903588,90.4858522966561,92.69032034522951,93.97664287764063
266,91.12245705027705,90.49808443538126,92.6946444124346,93.97916810239089
267,91.12416314960326,90.50144786789258,92.69822413424448,93.98140798906728
268,91.13113397743018,90.50456806737702,92.70381755624274,93.98427590057727
269,91.13435129861092,90.50543430718098,92.70932194572352,93.98536935000249
270,91.13648760814193,90.5144938922882,92.71253170687464,93.98672529148386
271,91.13903773800348,90.51752849958812,92.71439894145563,93.98872034599651
272,91.14142910093696,90.52493679945349,92.71764810127786,93.99014268236695
273,91.1450047518647,90.52577995651374,92.72187946571705,93.99193977348419
274,91.14713906956527,90.53552299068542,92.72334376778748,93.99517247048385
275,91.1488599132466,90.54059621822887,92.72543843965317,93.9965751308339
276,91.1522122229764,90.54976252453812,92.7280371015195,93.99748729654593
277,91.15546319309522,90.55068232771954,92.72930044153777,93.99918213287236
278,91.15879728265361,90.55523856954974,92.73112952063025,94.00190031941645
279,91.165743834453,90.55739011002201,92.7335163461628,94.00282294226139
280,91.17263656550861,90.56103603556365,92.73754564076309,94.003640921886
281,91.1746957547729,90.56491023066111,92.73960392782764,94.00447601808594
282,91.17832158547951,90.56912855277392,92.74117515621167,94.00609453782565
283,91.18205827557661,90.56990759305205,92.74483679675767,94.00720743998329
284,91.18725842927266,90.57390015439306,92.74704680029375,94.0081651548213
285,91.18945257682748,90.57897856948932,92.74798896707715,94.01387932535474
286,91.197280102759,90.58681140514832,92.74952941962972,94.01458528233829
287,91.20577108764654,90.5899053413111,92.75146353740669,94.01541615288531
288,91.20950789710939,90.59466104815228,92.75417275218543,94.01624138893624
289,91.21168269020501,90.5977840576753,92.75604993763444,94.01699891087361
290,91.21407313295981,90.6057143931386,92.76014850338055,94.01809815339878
291,91.22027839661659,90.61208283096056,92.7632778826036,94.01948048739261
292,91.22312637526396,90.62050506948766,92.76479483610541,94.02034373777093
293,91.22745256544205,90.62511737380761,92.76800729983576,94.02180889380475
294,91.23115226248932,90.62748408365839,92.7724724845245,94.02327129357016
295,91.23198149873784,90.62922746316296,92.77382937608918,94.02413002966401
296,91.23632039139,90.63428036870015,92.77791110207215,94.02767273028324
297,91.23856086702675,90.6349992880469,92.78015634682687,94.02826025699389
298,91.25148564307396,90.64245586692743,92.7832467948486,94.02876832507191
299,91.25287492446198,90.6441646933169,92.78574515598312,94.02934932276233
300,91.25728888214998,90.64720027509269,92.78756016917215,94.03003285516047
301,91.26251652910827,90.65217484197984,92.78984184081703,94.03055646710288
302,91.26735564408084,90.6539799218445,92.79137216766186,94.03108548960653
303,91.27092613377008,90.65470050369404,92.79365482400227,94.03162641684904
304,91.2824913736124,90.65736002188152,92.79536465892834,94.03256423404133
305,91.2842629646804,90.66101930605865,92.79856120901775,94.03304111633351
306,91.28732414790419,90.66675319199544,92.80140000063437,94.03365909872639
307,91.29170296264705,90.67034111175805,92.80454225076468,94.03442754749389
308,91.29362289490604,90.67532094824779,92.80615807809026,94.03595657567037
309,91.29647426926554,90.67857550397638,92.80798677603764,94.0613480409448
310,91.29957068429545,90.68210188732493,92.8090822323246,94.06863230831677
311,91.30056609561274,90.68292491791887,92.81242367840825,94.06921515542749
312,91.30674474688149,90.68783067016057,92.81413761905826,94.07084750053819
313,91.30808788668038,90.6924219473593,92.81548887316879,94.07250670035833
314,91.31729244502758,90.69737001753396,92.81799017874458,94.07341628443756
315,91.32074861085056,90.69926443956254,92.81967705485177,94.07453652697627
316,91.3231756745095,90.70106497232223,92.82131871770676,94.07564611179728
317,91.32412797904986,90.70586669282989,92.82283393986013,94.0781861324208
318,91.32547807796325,90.71439578925812,92.82472940665814,94.08019422039938
319,91.32840996637483,90.71545262393764,92.82550231575894,94.08317470033572
320,91.33148142207156,90.71783369768285,92.82723922586642,94.0844402755244
321,91.3322809114287,90.7184108124645,92.82799989978128,94.0945043873553
322,91.33557631965635,90.72450106397324,92.83073973851252,94.09564503247447
323,91.33735693081621,90.72606876935154,92.83448990520803,94.09678724374913
324,91.34208025800751,90.72878884458032,92.83612005256893,94.0988933615727
325,91.34423347438103,90.73144678920595,92.83774560086992,94.09989623410434
326,91.34667679743863,90.73872428436597,92.83921347829573,94.10062995871282
327,91.34768499196716,90.73931299200822,92.83977195346819,94.10150947407553
328,91.35163373271031,90.74189392631648,92.84080990178848,94.1027739413878
329,91.36251230709446,90.74295917745206,92.84208908967014,94.10397953084178
330,91.36407834564561,90.75041993952406,92.8434955330945,94.10465309591407
331,91.36479284231667,90.75091850482349,92.8458492285729,94.1071768773032
332,91.3703641543159,90.75615924867905,92.84658805354647,94.10893051030438
333,91.37346444407768,90.75698597807252,92.84921551596825,94.11142256281475
334,91.37570307972946,90.76141244908895,92.85236796085924,94.11192397349406
335,91.3763699141307,90.76387825822877,92.85372179211281,94.1126869906281
336,91.3794497317675,90.77887718105941,92.85479949829485,94.11336813159164
337,91.38434073692466,90.78045468391426,92.85871697678569,94.11383692807196
338,91.38652377074101,90.78359845723797,92.86313748984098,94.11451721143322
339,91.39088167840505,90.78407868496231,92.86440577386732,94.1153669185411
340,91.39211210960809,90.78682632793017,92.86550894162826,94.1167865951732
341,91.39319435092197,90.78819076857859,92.86928224610982,94.11776306929042
342,91.39664785359126,90.79233929272475,92.87017202387754,94.11912122489376
343,91.39733639758701,90.79314169123633,92.87078601237604,94.12044472351603
344,91.40268309185039,90.79583908370331,92.87182626678148,94.1215765213813
345,91.40425947432016,90.79639163481306,92.87366241715709,94.12400031792575
346,91.40673770113902,90.80107396193897,92.87414228599299,94.12608534109155
347,91.40750845950724,90.80336736379654,92.87585207330098,94.12703328101682
348,91.40963691530368,90.8070833511234,92.88042520337068,94.12762780519617
349,91.41129854863462,90.81219982195867,92.88229037478541,94.12842117208545
350,91.41724597634466,90.81996797029332,92.88280003236484,94.12914881499937
351,91.41805362317875,90.82096836978239,92.88410523725562,94.13068273864693
352,91.41952890697259,90.8263064932058,92.88477368623397,94.13284445311932
353,91.42319307365182,90.82710421163257,92.88632890685155,94.13352412599058
354,91.42515535383593,90.82830303930267,92.89005473426452,94.13438547352956
355,91.4265700424688,90.82904311999205,92.89176299391305,94.13568896205862
356,91.42873257628072,90.83283691895079,92.89339710609173,94.13725485009884
357,91.4320135681089,90.83339232579118,92.89540154176062,94.13819996758086
358,91.44711778104323,90.83693775561952,92.89687730786628,94.13876248068094
359,91.45080016452998,90.83746394497209,92.89778558081878,94.13944964979132
360,91.45318565027596,90.83937741791318,92.8982693390766,94.14031473588173
361,91.45482687288273,90.84039561444548,92.89960856613648,94.14133464598015
362,91.45782071953474,90.84415156948003,92.90102706256368,94.141882090635
363,91.45840969040422,90.84501293904218,92.90163348614462,94.14263311328912
364,91.45977221045786,90.84628431010226,92.90426564180585,94.1431967487765
365,91.4608100188449,90.84671867216929,92.90539617915498,94.14381655981984
366,91.46339990733011,90.84776678580916,92.90641852211324,94.14433797621832
367,91.46455980753038,90.84896190249474,92.907574130606,94.1447320528948
368,91.46565423731072,90.8552133107291,92.90896630371121,94.1453771576224
369,91.46632405983952,90.86149770480908,92.9095167591173,94.14589179090595
370,91.4679278968845,90.8647509620444,92.91091276800687,94.14713426590545
371,91.46835824437392,90.86638679751815,92.91218668305405,94.14771283090238
372,91.47444771643394,90.87116750781726,92.91476644774033,94.14813812474132
373,91.47477747277478,90.87158686736325,92.91581901561506,94.15057735443382
374,91.48002669650205,90.87314872068212,92.91651706895098,94.15183673382911
375,91.48390850479784,90.87358631703788,92.91723539540229,94.1528821986304
376,91.48453838006859,90.87864112966155,92.91836925358898,94.15465657567393
377,91.4852471779467,90.87904172959969,92.91875471226548,94.15500176442438
378,91.48854581391345,90.88814141080132,92.91924584360424,94.15539024515881
379,91.48940465476419,90.88850018852527,92.92128316000722,94.1560669042862
380,91.49106507825856,90.89056438726053,92.92235713360117,94.1567268447963
381,91.49163738594515,90.89163477532118,92.92336448004781,94.15996017051057
382,91.4932865922227,90.89593585194604,92.92485721239943,94.16161853202054
383,91.494243386068,90.89633076738552,92.92646700195492,94.16188031086625
384,91.49746485412349,90.89922201757767,92.927232264435,94.16444537383042
385,91.49977831511055,90.90052513633773,92.92784525545834,94.16649266180046
386,91.50173857540476,90.90238484735245,92.9296552999644,94.16684101218162
387,91.50388847954164,90.90515913418962,92.9307232353815,94.16791508555211
388,91.50922400214058,90.90611214809893,92.93112142024918,94.16818454115788
389,91.51077482528575,90.90847695128248,92.9318206281772,94.17038455375057
390,91.51357531051339,90.90935557049322,92.93262180271971,94.17089978359019
391,91.51474725374463,90.90968555857721,92.933717277475,94.17119458774036
392,91.52018963532166,90.91489505503088,92.93417021079668,94.1715265633642
393,91.52109018682324,90.91534411364263,92.93506548461193,94.17173768428579
394,91.52233230349417,90.91787353269349,92.93608041262483,94.17224967975325
395,91.52284201705035,90.92104339507756,92.93663430617181,94.17287480496677
396,91.52427857300144,90.92529759247427,92.93747384155377,94.17339388165789
397,91.5248015814916,90.92616834535511,92.93885467671755,94.17376727571482
398,91.53510817570053,90.92699907466225,92.93953232578524,94.17413269903123
399,91.53560808736347,90.92808526302865,92.9413647797285,94.17452615249184
400,91.53758127167863,90.92918083754903,92.9419806130092,94.17605675397931
401,91.53964924214054,90.92947776947629,92.94233331415012,94.17647791578788
402,91.54356144910663,90.93153416334233,92.94289470481664,94.17685190277072
403,91.54417587439853,90.93218453440804,92.94404742782467,94.17728677762284
404,91.54629959963732,90.93460468285862,92.94468622508444,94.17747206569356
405,91.54744283224979,90.93491133393113,92.94620481935817,94.17799723636236
406,91.54919273790048,90.93603858339178,92.94771748940016,94.17823316754728
407,91.55102843474427,90.93784244745713,92.94811467477936,94.178388394468
408,91.5521071162876,90.93864091785363,92.94923987954603,94.17865297614244
409,91.5526866731448,90.9400003379189,92.95077768490323,94.17888770983483
410,91.55564228081057,90.94309981296506,92.95169317702491,94.17907734803417
411,91.55856479126706,90.94346300040591,92.9523480926059,94.17935632687151
412,91.56234422579638,90.95212735985841,92.95270064714613,94.17954726111417
413,91.56413729607432,90.95248309283608,92.95402492648539,94.17981310045838
414,91.565082154045,90.95311309666276,92.95528205109136,94.18010810789436
415,91.56573038305548,90.95430889812026,92.955593757342,94.18034620896294
416,91.56936187605207,90.9613602084244,92.95626403263016,94.18057792325502
417,91.57258347496041,90.96162482190186,92.95690305003525,94.18089721993373
418,91.57385083638887,90.96338030725288,92.95782493758978,94.18121447933281
419,91.57423292289455,90.96658516152553,92.95940491697151,94.18137615322703
420,91.57814061987644,90.96989808221159,92.96123619871524,94.18184322384919
421,91.57911160690358,90.97034078865235,92.9627826015283,94.18204446459734
422,91.58433999770791,90.97127632515203,92.96314286200014,94.18241639332236
423,91.58475872816797,90.97246900741213,92.96352943736598,94.18258436781178
424,91.58733504341932,90.97645683112133,92.96466731683134,94.18286453370796
425,91.58774744123829,90.97677305392848,92.96499596865051,94.18300947709369
426,91.58916240594151,90.9812471281435,92.96608380525821,94.18315844848465
427,91.58992819187864,90.98181898098336,92.96695768032521,94.18345316007142
428,91.59052864285367,90.98554144106826,92.96752564690195,94.18369036142842
429,91.5909273157316,90.98587231640992,92.96801727757777,94.18383184073053
430,91.59354553144325,90.99059407373461,92.9687244383623,94.18431715833788
431,91.59394268728438,90.99088361960416,92.96900133694487,94.18446823354826
432,91.59899618748332,90.99242423798393,92.9695727657678,94.18467166708659
433,91.59924120929136,90.99270846881652,92.97115652200898,94.18480831344645
434,91.60064228973765,90.9935249654246,92.97216560621658,94.18493994261206
435,91.60553453265948,90.99432591790418,92.9723980503804,94.18520170764823
436,91.6064059877206,90.99793167353872,92.97325876218481,94.18547733342396
437,91.61094432324025,90.99904687116162,92.97447366415312,94.1855961869157
438,91.6121937423802,91.00223525919834,92.97609708482682,94.18572954636828
439,91.61271430916361,91.00421366612672,92.97667921862994,94.18607532051055
440,91.61494104469223,91.00639794033142,92.97734234527904,94.18635773847038
441,91.61530802877911,91.00745121437885,92.97791973020055,94.186486486323
442,91.61600752130695,91.01007737480165,92.97881278755784,94.18661247353856
443,91.61709675774792,91.0132574691505,92.9796807810431,94.18674412199175
444,91.61928572037226,91.01538024802917,92.98024013937784,94.18687543572526
445,91.62023213980616,91.01805068421956,92.98076924272841,94.18707862526028
446,91.62314524703474,91.02384762315663,92.98106258714235,94.18721543522194
447,91.62430075020717,91.02673517710551,92.98141443688813,94.18736937663631
448,91.62663232816767,91.02951157898787,92.98175696925588,94.18770111943041
449,91.62738641685172,91.02991657498374,92.98218453604301,94.18782087342169
450,91.62969891234367,91.04247519771295,92.98266059443418,94.18803098238303
451,91.62999844496636,91.04288502304112,92.98308012058723,94.18819067850018
452,91.63136902407614,91.04334207698513,92.98350874347146,94.18831637714061
453,91.6317553608203,91.04438655930475,92.98378956527101,94.18843007004226
454,91.63393142172093,91.04646664883556,92.98423467772285,94.1886914034942
455,91.63418316416208,91.0467284027525,92.98505647150981,94.18880378600915
456,91.63527943190631,91.05179716022282,92.9867648689035,94.18903042153218
457,91.63646989781418,91.05216127847595,92.98712157378097,94.1893014246196
458,91.63705042828079,91.05400185233118,92.98755649669691,94.18964997376466
459,91.63781943939776,91.05614470272639,92.9886392117866,94.18975470463666
460,91.6388009346637,91.06062997105366,92.98937557304106,94.19002621454698
461,91.63910979479746,91.06143849793546,92.9900110414161,94.190134559274
462,91.64130061471428,91.0621321847995,92.99027321398573,94.19024936768535
463,91.64147178280439,91.06265761981389,92.99053006084856,94.19045348759632
464,91.64423865488068,91.06525753034659,92.99091773679463,94.19064774510788
465,91.64449078276682,91.06570489646931,92.99148956622518,94.19106421077832
466,91.64650699514691,91.06666487999028,92.99169669836813,94.19118246442054
467,91.6469778612091,91.06697298400432,92.99280876036576,94.19132257435183
468,91.6519304347837,91.06909321208475,92.99353379518432,94.19144065848069
469,91.65421196299265,91.06932363509016,92.99435089222847,94.19155668570062
470,91.65510592093668,91.07026496723398,92.99466195650544,94.19168994763962
471,91.65581557951961,91.07089486267652,92.99549811536667,94.19179566553686
472,91.65740250455244,91.07736871478495,92.99598878435425,94.1919837340297
473,91.65768282389257,91.0787787710246,92.99644957328424,94.19208833168894
474,91.65829564833841,91.08202227563497,92.99736943594208,94.19218876678119
475,91.65955435096022,91.08227177748513,92.997628992036,94.19229475283711
476,91.66115516130577,91.08594237117686,92.99874534863761,94.19241188608359
477,91.66186816520487,91.08636416184765,92.99940553044952,94.19255756991316
478,91.66334857535776,91.09057899421819,93.00008966019075,94.19265516126457
479,91.66366379788751,91.09455867912834,93.00067941177822,94.19276171422806
480,91.66564693400909,91.09874103262143,93.00125757404176,94.19288448844017
481,91.66739281377576,91.09971789796013,93.00178390869324,94.192986355062
482,91.66766169383958,91.10151617421964,93.0022257815655,94.19315405585567
483,91.66815865407897,91.10196563472041,93.00296146622739,94.19330940011037
484,91.66941163625681,91.1029936676676,93.00331206582658,94.19343378512596
485,91.66970651149947,91.10323466362821,93.00438413330427,94.1937172584171
486,91.67107344079038,91.10533757573305,93.00484881890304,94.1938023754133
487,91.67308531801507,91.10661045092166,93.00545708238161,94.19405440783079
488,91.67636879396821,91.10759432022739,93.0056332196719,94.19415070165715
489,91.67724105713175,91.10783798941573,93.00623661673532,94.19431035772647
490,91.68007176045057,91.10849794583216,93.00700391406427,94.19443692752894
491,91.6803044600535,91.11093089912546,93.00721460731079,94.1945531819138
492,91.68369508969849,91.11534982195387,93.0075159120743,94.19545916279066
493,91.68613451076487,91.1162125759334,93.00780568208125,94.19557075777708
494,91.6865685215036,91.12849633151156,93.00818933923382,94.19584453476236
495,91.6869057677833,91.12870076952633,93.00842836792258,94.1959703567593
496,91.68827216399265,91.13235181717201,93.00940881111815,94.19606503959584
497,91.68873435649266,91.13254324165992,93.00979446453822,94.19628965166395
498,91.69029954265282,91.13296484101707,93.01003868091917,94.19637039022194
499,91.6908085498775,91.13403456878345,93.01047970697734,94.19645308890026
